182
156
240
30
56
182
156
240
30
56
182
156
240
30
56
210
110
132
156
156
30
42
110
210
110
132
156
156
30
42
110
210
110
132
156
156
30
42
110
30
30
210
90
72
210
182
156
210
182
182
110
210
182
240
210
30
110
72
42
132
110
20
210
156
182
110
210
182
240
210
240
156
156
110
72
12
97
20
6
42
90
182
20
110
182
132
182
210
240
156
156
110
210
110
110
156
90
20
42
2
12
20
42
42
90
110
30
210
20
90
6
20
42
20
42
90
110
30
110
72
90
90
272
56
210
110
72
90
90
272
56
110
132
20
56
240
42
72
72
42
182
12
20
42
56
72
110
182
56
20
156
0
72
110
56
20
132
72
110
56
20
132
56
72
110
182
72
42
12
56
72
110
182
72
42
12
156
182
156
90
210
110
132
30
90
56
42
110
72
210
110
110
272
182
132
110
132
132
132
72
90
6
56
56
30
72
56
182
110
72
110
132
132
110
132
110
42
42
56
182
72
42
12
20
132
110
132
110
132
42
42
12
56
72
30
156
56
182
90
72
12
20
272
210
182
182
132
90
132
42
72
56
156
182
240
110
90
30
20
210
30
90
182
156
42
90
156
156
12
56
90
72
2
56
156
72
110
156
110
110
182
72
240
132
132
156
6
42
72
42
2
56
156
72
110
156
72
56
132
56
132
90
110
72
110
156
72
56
132
56
132
90
110
182
42
72
72
42
30
110
156
240
132
110
110
90
90
90
110
110
90
132
90
20
90
182
210
110
110
110
240
132
182
132
20
72
42
56
56
90
90
110
110
6
42
110
90
182
90
182
132
20
56
42
30
56
90
90
72
80
2
42
110
42
110
110
110
90
156
20
56
72
20
56
72
56
72
80
30
30
56
30
56
90
110
90
156
72
30
110
42
156
72
56
110
30
42
72
42
12
42
